57389
57628
57867
82105
82239
82373
82650
82784
82918
164125
164449
164773
57389
57628
57867
82105
82239
82373
82650
82784
82918
164125
164449
164773
57389
57628
57867
82105
82239
82373
82650
82784
82918
164125
164449
164773
57389
57628
57867
82105
82239
82373
82650
82784
82918
164125
164449
164773
57389
57628
57867
82105
82239
82373
82650
82784
82918
164125
164449
164773
57391
57630
57869
82107
82241
82375
82652
82786
82920
164127
164451
164775
57391
57630
57869
82107
82241
82375
82652
82786
82920
164127
164451
164775
57390
57629
57868
82106
82240
82374
82651
82785
82919
164126
164450
164774
57391
57630
57869
82107
82241
82375
82652
82786
82920
164127
164451
164775
57391
57630
57869
82107
82241
82375
82652
82786
82920
164127
164451
164775
57390
57629
57868
82106
82240
82374
82651
82785
82919
164126
164450
164774
57393
57632
57871
82095
82229
82363
82640
82774
82908
164113
164437
164761
57389
57628
57867
82105
82239
82373
82650
82784
82918
164125
164449
164773
